0000001000000001000000001000000000010000000000000010000000000000000000000000100000000000000000000000
0000000010000000000000000000000000000000000000001000000001000000000000000000000000000000010000000000
0010000000001000000000010100000100000000101000100000000000000010010000000000000000011000000000000000
0000101000000000100000010000000000000000000000000000001000000000000000000000000000110000100000000001
0010001000000000000000000000001000000000000000000011000000000001000010000000101000000001000010001000
1000000000010000010000000010000000000000000000000000000000000000100100000000000000000000000000100000
0000100010001010000010100000000000100000000000010000000000001000000000000000000000000000001001100001
0000000000000000000000000000100000000000000000000000000000000000000000001100001001000000010000000000
0000000000000000000000000000000001100000000000100000000000000000000011000000001000000100000000000000
0000100000000000000000000000000000001000000000000000000000000010000000000000000000000100010101000000
0100000000000000000100000000000000000000010000000000000000000000000000000100000000000000000000000010
1000000000001100100000000000000000010000000000000000000001000100000010000001010000000000000000000000
0010100001000000001000000000100010000000000000000000000001000000000000000000000000100000000000100100
1000000000010001000011000000000000100000100000000000000100000000000000000000000000000000000010001000
0000100000100000000000101100010000000000100000000001010001000000000100001000011000000000010000000000
0000000000110000000000000000000100010000000010000000001000000100000000001001100000100000000100000000
0000000100000011000000000000000110000000000010001000000100000000100000000000100000000000000000001000
0000000000010100000000010000000000000000000000000000000000101000010001000001000001000000000001000000
0000000000100000000010000000000001000000000000000000000100100100000000000110000000000000000000000000
0001010000000100100000000000000000000000100001001100000100000000000000000000000000100010100000001000
0001000000000000000000000000000000000000000000000000100010000100000000000000001000000001000000000001
1000001001001000100000000000010010010000000000000010001000000000100000000100000000000000000001000000
0001000000000000110000000000010000000000000100000001000000001001000000001000001100000000000001100000
0001001010000000000000000000100000000010100000010000011000000000000000000000000001010000000010000000
0000000001000000000010001000000000000001000001001000010000010000000000100000000100000000100000010000
0100000000000000001000000000000010000000000100000100000000000000000010010000000010010000000100001000
0000000000010000010000001000000000000000000101000000100001000100100000000001010000000000000000000001
0100000001000000001011000000000000000010000000000000001010001000000000110001000000000000000001000001
0001000000000010000000010000100010010000100000010010000010000000001000000100000000000000000100000000
0010000000000000001000101000000000001000000101000000000000001001100000000000001000000010000000000000
0000000000010000000101000000000000010000000000001001000001011000000000010000000010110000000010100000
0000000000000000010000000000101000000000000000000000000000010000000000000100001100000100000000000001
0000000000000000000100010000000000000000000000001000000000000000000000000000010000000000001000100001
0000000000010000000000001000000000000010000000010000000000000101100000100000010000000100010000001000
0000000000000000000000000000001000000000000101000010000000000000000000000000000001100000010000000100
0001000000000001000000101000000100000000000000000000000000000000000001000000000000100100000000100000
1010000000000000000001010000000000010000000001000000010000000110000000000010000000000001000000000000
0000000001000000000000000001100000000000001100000000000100000000000000000000000000000001010000000001
0000000010000000000000001000000010000000010010000000001000000000000000001000010000000000100000000100
0000010000100000000000000000000000000000010000000000001001000010000000000000000000000000010000000000
0000000000000010000000010000010000110000001000000000000010000000000001000000000000000000000000000000
0000100000000010000000100100000000000000000000001000000100000000000000100010000000010000000000000000
0000000000000000000100000000000100000100000000000000100000000100000000000000110100010000000000000000
0100000001000000110000100000000000010000000000000100000000001000010001011101000000000000001000000000
0000000000000000000000001000000100000000000000000110001000000000000010000000000000000000000000000000
0000000000000000100000000000000000000000000000000100000000000000000000000000000000000000000010000000
0000000000000100000000010001001000100000000000000000010001000000000000010010000000001000000001000000
0000000101000000000100000001000000000000000000000000000000000000000001000011000000010000000000000000
1000100000110001010000000000000000000100000000010001010000000000000000000000010000010010000000000000
0001000000000000010000010000000000001000000000000001100000000000000001100001000000000001001000011000
0010000000000100000000100100000000100000000000000011001000000010000000010000001000000001100000000000
0000100000000000000000000000000000100000000000000000000010000000000000000000000000010010001010000000
0000000000000000010000000000010000000100000000000000000100000000000010000000000000000000000000000000
0000000100000010000001000000010000000100000000000000000000000110000000010000000000010000000100010000
0100000000100001000000000010000000100000000000000100000000000000110000000000000000010000000000010000
0000000110000010100100000000000000000000100010000000010000000100100100000000010010000000010000000000
0000000000000001100000000100010000000000010000000000000000000000000000000000000000010010001000000100
0000000000000000000000000000000010001010100000000001000000000000000110000000000001000000000000000000
0000100001000000100000000000010000001000000000000101000000011000000000101001000000000000000001000000
0000001000000010000000000100000000010000000000000001000000000000000000000100000000000000100000000001
0010000000000001000000000000000000000100110000000000000000000010000000000000000000000001000000000000
0000000000000000000000000000001000000000000000010000000010000100000000000000011010000000000010000000
0000000000010010000010000000000001000000001000000100000000100000000100000001000000000000000000000000
0000000010000000010000000000000100000000000000000000000010000100010000000000000100010000100011000000
0000000000000000001000010000000000000000000000000010000010000000000100001000000000000000000001000000
0000000000000010000000000000110000000000000000000000000001000000000000000000000000000000000000100000
0000110000000000000000000000000100000101001000000000000000000000000000000100100000000100000000000000
0000010000000010000000001100000000000100000011000000000101000000000100000000000000000000000000000000
0000000000010000001000000000000000100000000000000000001000010000000000101000000000010100000000000000
0110000010000000001000000010001000000000000000100000000000010100000000001000000000100100000100000000
1000000010100000000001010000000000000000000000000000000000000000000000000010000010000001000000000000
0000000010000000100100000000000000100000000000000000010100100010000000000000010100000000000000000001
0000000100010000000000000000000100000000000010000000001000000000101000000000000000000010000010000000
0000000100000000001000000000000000000000000000100001010100000000000000000000000000000000000000110101
0010000000000000010100000000000010010000000000000010000000000000000000000000000000000000000000010100
0000001000000010000000000000000001010000000000000000000001000000000000000000000000000000000000100000
0000110000000000000000000000000000000001000000000000100000000000100000000000000100000001000000000000
0000001000000000110000000010100100000000000000001000000000011000000000001000000000001000000100000000
0011000100000000000000000000100000000001000000000000001000000000000010000100000000000000000000000000
1000000000000000100000000000000000000000001000000000000000100000000000000000010010000000000010000000
0000000000000000100000000000001000101000000000000000000001000000000000000001010000000000000000100000
0000001000000010011100001001000000001000000000000000100000000000000010000000000000000000000000000000
1000000000100001000000000000000000000000000000010000000000010010000000000000000000000000000010000100
0001000000000000001000000000000000000000000000001000000000000000000000000000000001000000001000000000
0000000000000000000001000000000000000000101000000011000000000000100000100010000001000000000000000000
0001000000000001000000000000000000100000000001000000000000000000000000000100000000000000000000000100
1000000000001000100000001000000000000110000000000000000000000000000010000001000000000100000000000000
0001000000000000000000010000000000010001000000001101010000000000000000000000010000000101000001011010
0001000000000010000000000000010101000000000000000000000100000000000000000000000000000000000000000111
0000000000001100010000000000000000000000000000000000000000000010000000000000001000000100000010000000
0000000000000000000000000000010000000000001000000001000010000001010000000000000000100000000000000000
0010000100000100001010000000000010000100000000000000010000000000100010000000001000000000000000000000
0100000000000000000000010000010000010000000000000001000000000000000010000000000000000000000001100000
0000000000000000101010000000010010000000000010000000000000000100101000100000000000000000000000100000
0000000000100000100000000000001011000000000000000000001000000000000010100001000100000000000000000011
1000000000000000000000100000000000000011000000000010000000110000000010000000100000000000000000000100
0000000010000001000000000000010000000010000100000100000000010000000001000000100100000000000000001010
0000000000000000010000001000000000000000101000000000010000000000000000000000010000000000000010000000
0000010000000000000001000001000000100000000000000000000000000100000000001010000000100000000000010000
0000011000000000000000000000000000000001000000000000000000000001000000000100000000000000000000011000