File,Fitness (Output 1),Fitness (Output 2),Accuracy
points_prob310_10.txt,1221.0899026602551,455.28071575153274,268.2059354621686
points_prob310_100.txt,1215.7813709246918,1598.073491402461,76.07793868464262
points_prob310_11.txt,1250.5714175117785,1589.0661069956484,78.69851430386106
points_prob310_12.txt,1283.212944825413,421.14394872031,304.69699225753806
points_prob310_13.txt,1219.743893457751,1677.4232136204828,72.71533406438944
points_prob310_14.txt,1213.1717402586405,1594.8081628894436,76.07007340999802
points_prob310_15.txt,1235.0872001289142,1557.6901276311933,79.28965961973022
points_prob310_16.txt,1263.0176846951824,1614.7143557925283,78.2192639933069
points_prob310_17.txt,1215.4405076820212,432.58438118820294,280.9718890782661
points_prob310_18.txt,1224.3824287113093,407.08059547751253,300.77150380383216
points_prob310_19.txt,1252.510942222444,1275.3833519696557,98.2066247209603
points_prob310_2.txt,1181.522874540994,420.98419362155073,280.65730078292194
points_prob310_20.txt,1204.017985807834,398.6131904522789,302.05171696443807
points_prob310_21.txt,1276.6552357024261,1597.4397197167232,79.91883636953874
points_prob310_22.txt,1246.4961548191443,1336.395352797375,93.27300878515841
points_prob310_23.txt,1226.4267462149896,426.7859893048899,287.3634038953532
points_prob310_24.txt,1248.67412591435,421.27435346096235,296.40402166804563
points_prob310_25.txt,1256.7611026234154,416.5753301271136,301.68879713542515
points_prob310_26.txt,1213.4136544995595,431.92224443514124,280.933355513198
points_prob310_27.txt,1275.949625079659,1596.8759514787275,79.90286433320718
points_prob310_28.txt,1218.2191035432184,1678.4068302001756,72.58187238179478
points_prob310_29.txt,1227.660208962293,1593.609865989578,77.03643376981462
points_prob310_3.txt,1202.7479137769226,1623.2022977059703,74.09722839086263
points_prob310_30.txt,1244.4574822417603,411.0447614694168,302.7547359545543
points_prob310_31.txt,1245.1988259210657,1631.772484747442,76.30958589878367
points_prob310_32.txt,1198.9600113862252,1629.349702839445,73.58518612037761
points_prob310_33.txt,1224.2716313416674,1240.6661550051808,98.67857089537152
points_prob310_34.txt,1257.894918581817,430.5436235923066,292.1643358892133
points_prob310_35.txt,1221.5528856383503,1647.4651365142045,74.14741948488074
points_prob310_36.txt,1266.243015474626,1277.9585931664506,99.08325842836611
points_prob310_37.txt,1226.9176115184086,1673.4129418927369,73.31828150741362
points_prob310_38.txt,1229.361446519401,1608.005997836126,76.452541108288
points_prob310_39.txt,1230.076742530565,1263.1672777664571,97.38035208651043
points_prob310_4.txt,1220.6147303607922,1230.8547048976802,99.16805984523258
points_prob310_40.txt,1214.05275529993,1570.7521781759142,77.29117120880183
points_prob310_41.txt,1245.9114636874506,69.26669646033082,1798.716450121144
points_prob310_42.txt,1239.4893919559413,420.4108019135417,294.82815054091895
points_prob310_43.txt,1230.7880805139207,1639.6584176167817,75.06368810052842
points_prob310_44.txt,1242.9147053941424,1589.6067306039872,78.19007566241773
points_prob310_45.txt,1243.9018806895472,1605.8314274379632,77.4615479206395
points_prob310_46.txt,1253.0905881667097,1644.5949996038805,76.19447879073759
points_prob310_47.txt,1281.9606364289416,1637.895740393692,78.2687569674492
points_prob310_48.txt,1256.7939074318988,1653.4473633652315,76.01051810164485
points_prob310_49.txt,1229.0921915930082,1649.2420613728304,74.52466926352284
points_prob310_5.txt,1209.253855098787,1287.025290993041,93.9572721345478
points_prob310_50.txt,1249.5970590537186,406.2788936493811,307.5712468913341
points_prob310_51.txt,1284.7047934621278,427.56532124858535,300.4698298988575
points_prob310_52.txt,1227.2349194594647,1338.0320402013022,91.7193970388655
points_prob310_53.txt,1220.6263552258588,453.87120140970876,268.9367272994264
points_prob310_54.txt,1250.116534194009,1589.548425503846,78.64601758186475
points_prob310_55.txt,1224.1561491270793,1617.7523048997323,75.6701842067814
points_prob310_56.txt,1258.7683065140284,1615.5755499595716,77.91454299648989
points_prob310_57.txt,1236.1794747370996,1642.0298546347535,75.28361748404814
points_prob310_58.txt,1242.5768637152507,1623.9257888249458,76.51685023207651
points_prob310_59.txt,1231.520842916943,1644.64572370822,74.88061563436318
points_prob310_6.txt,1248.474969245004,412.01669540517537,303.0156261064274
points_prob310_60.txt,1222.8648997469118,1638.5352384234463,74.63158991463125
points_prob310_61.txt,1245.5134982179547,398.2253729899146,312.76598195301295
points_prob310_62.txt,1202.1011858341171,1300.9606048951446,92.40104437528333
points_prob310_63.txt,1227.0673601060491,432.5379224776068,283.69012203076284
points_prob310_64.txt,1221.4554990991176,1629.3128082357775,74.96752575226556
points_prob310_65.txt,1209.917100888197,427.50403519625684,283.0188726365479
points_prob310_66.txt,1221.4986554319494,412.98414205613307,295.77374311527984
points_prob310_67.txt,1230.8829176474646,1277.0207675976324,96.38707128961077
points_prob310_68.txt,1258.6044072833974,1608.0736189810523,78.26783503114153
points_prob310_69.txt,1217.2365440257925,424.35930242228955,286.841018230936
points_prob310_7.txt,1256.1580887028185,424.68174302213697,295.78810705722753
points_prob310_70.txt,1226.9052485472857,432.31469691026393,283.79910683488885
points_prob310_71.txt,1274.2378237233731,432.3685710082212,294.7110195248545
points_prob310_72.txt,1208.1117447835977,1645.6445735283714,73.4126775743152
points_prob310_73.txt,1188.7926078104756,1253.3345801886035,94.85037966730197
points_prob310_74.txt,1213.7473419095531,409.51219718522975,296.3885691933502
points_prob310_75.txt,1211.621036649461,429.30140266046556,282.23085905166073
points_prob310_76.txt,1223.830691408638,422.81091559007837,289.4510634146353
points_prob310_77.txt,1247.725833278123,1602.407330634798,77.86570926281479
points_prob310_78.txt,1183.5682611476366,1621.5124873074867,72.991621736626
points_prob310_79.txt,1264.8214672391305,1557.309321843243,81.21838413848819
points_prob310_8.txt,1241.7426775876975,1665.055273803775,74.57666403776308
points_prob310_80.txt,1216.3905680323019,1293.4724515793127,94.0407015663229
points_prob310_81.txt,1266.257428171593,1613.6780510643327,78.47026408622267
points_prob310_82.txt,1242.5430505800396,1316.797500883889,94.3609818325136
points_prob310_83.txt,1221.522211607441,429.36834681909113,284.49284178885074
points_prob310_84.txt,1259.9678760353404,428.95492827873596,293.7296655131586
points_prob310_85.txt,1263.6352831340641,1674.6498751890565,75.45668511702533
points_prob310_86.txt,1221.593371944785,1664.7491295744614,73.38002767161953
points_prob310_87.txt,1226.5793451143304,407.24992274525346,301.1859000109844
points_prob310_88.txt,1259.2309889947542,1272.4962445028227,98.95754069488422
points_prob310_89.txt,1258.0193239013536,442.9591393844761,284.00346940565737
points_prob310_9.txt,1208.628694434287,1629.9412485073728,74.15167237108055
points_prob310_90.txt,1217.5450295337748,1585.1481184682357,76.80954324383995
points_prob310_91.txt,1208.7547958994273,1609.9487715790628,75.08032660653306
points_prob310_92.txt,1229.6119938665518,1607.1331812443864,76.50965136034813
points_prob310_93.txt,1256.6325314692422,428.23641436370735,293.4436421845168
points_prob310_94.txt,1220.847475096679,409.108165080038,298.4167951910303
points_prob310_95.txt,1250.590347925101,1597.3058980602045,78.29372879946409
points_prob310_96.txt,1245.3102449395046,419.0054402331375,297.2062234434487
points_prob310_97.txt,1236.1682053486059,1644.1292977011335,75.18679991148203
points_prob310_98.txt,1227.4930833361207,415.2789014549892,295.58281892853756
points_prob310_99.txt,1239.6521858786687,1283.0998732885678,96.61384991812498
